1 1 1, (1,2)->(1,2) OG:(1,470)->(1,470)
1 2 4, (1,2)->(1,3) OG:(1,470)->(1,445)
2 1 1, (1,4)->(1,2) OG:(1,519)->(1,470)
2 2 4, (1,4)->(1,3) OG:(1,519)->(1,445)
2 3 142, (1,4)->(36,4) OG:(1,519)->(94,519)
2 4 77, (1,4)->(18,4) OG:(1,519)->(75,519)
2 5 102, (1,4)->(22,7) OG:(1,519)->(260,482)
2 6 27, (1,4)->(6,4) OG:(1,519)->(667,519)
2 7 124, (1,4)->(31,4) OG:(1,519)->(297,519)
3 1 3, (1,5)->(1,5) OG:(1,516)->(1,516)
3 2 2, (1,5)->(1,4) OG:(1,516)->(1,519)
3 3 6, (1,5)->(1,6) OG:(1,516)->(1,667)
4 1 3, (1,3)->(1,5) OG:(1,445)->(1,516)
4 2 2, (1,3)->(1,4) OG:(1,445)->(1,519)
4 3 8, (1,3)->(1,9) OG:(1,445)->(1,889)
4 4 6, (1,3)->(1,6) OG:(1,445)->(1,667)
4 5 148, (1,3)->(42,3) OG:(1,445)->(140,445)
4 6 84, (1,3)->(19,8) OG:(1,445)->(112,704)
4 7 93, (1,3)->(20,3) OG:(1,445)->(149,445)
6 1 1, (1,6)->(1,2) OG:(1,667)->(1,470)
6 2 4, (1,6)->(1,3) OG:(1,667)->(1,445)
6 3 67, (1,6)->(17,8) OG:(1,667)->(38,704)
6 4 122, (1,6)->(29,6) OG:(1,667)->(66,667)
6 5 92, (1,6)->(20,6) OG:(1,667)->(149,667)
8 1 4, (1,9)->(1,3) OG:(1,889)->(1,445)
8 2 67, (1,9)->(17,8) OG:(1,889)->(38,704)
8 3 102, (1,9)->(22,7) OG:(1,889)->(260,482)
8 4 10, (1,9)->(3,9) OG:(1,889)->(445,889)
9 1 9, (2,1)->(2,1) OG:(470,1)->(470,1)
9 2 16, (2,1)->(3,1) OG:(470,1)->(445,1)
10 1 119, (3,9)->(26,9) OG:(445,889)->(48,889)
10 2 72, (3,9)->(17,24) OG:(445,889)->(38,334)
10 3 133, (3,9)->(34,9) OG:(445,889)->(223,889)
10 4 15, (3,9)->(3,42) OG:(445,889)->(445,140)
10 5 13, (3,9)->(3,20) OG:(445,889)->(445,149)
10 6 8, (3,9)->(1,9) OG:(445,889)->(1,889)
10 7 76, (3,9)->(18,9) OG:(445,889)->(75,889)
12 1 72, (3,31)->(17,24) OG:(445,297)->(38,334)
12 2 13, (3,31)->(3,20) OG:(445,297)->(445,149)
12 3 94, (3,31)->(20,31) OG:(445,297)->(149,297)
12 4 44, (3,31)->(8,19) OG:(445,297)->(704,112)
13 1 151, (3,20)->(45,20) OG:(445,149)->(236,149)
13 2 135, (3,20)->(34,20) OG:(445,149)->(223,149)
13 3 14, (3,20)->(3,15) OG:(445,149)->(445,26)
13 4 16, (3,20)->(3,1) OG:(445,149)->(445,1)
13 5 12, (3,20)->(3,31) OG:(445,149)->(445,297)
13 6 10, (3,20)->(3,9) OG:(445,149)->(445,889)
13 7 36, (3,20)->(7,24) OG:(445,149)->(482,334)
13 8 104, (3,20)->(22,19) OG:(445,149)->(260,112)
13 9 126, (3,20)->(31,20) OG:(445,149)->(297,149)
13 10 28, (3,20)->(6,20) OG:(445,149)->(667,149)
14 1 14, (3,15)->(3,15) OG:(445,26)->(445,26)
14 2 16, (3,15)->(3,1) OG:(445,26)->(445,1)
14 3 10, (3,15)->(3,9) OG:(445,26)->(445,889)
15 1 15, (3,42)->(3,42) OG:(445,140)->(445,140)
15 2 13, (3,42)->(3,20) OG:(445,140)->(445,149)
16 1 15, (3,1)->(3,42) OG:(445,1)->(445,140)
16 2 13, (3,1)->(3,20) OG:(445,1)->(445,149)
16 3 26, (3,1)->(5,1) OG:(445,1)->(516,1)
16 4 21, (3,1)->(4,1) OG:(445,1)->(519,1)
16 5 44, (3,1)->(8,19) OG:(445,1)->(704,112)
16 6 55, (3,1)->(9,1) OG:(445,1)->(889,1)
16 7 30, (3,1)->(6,1) OG:(445,1)->(667,1)
18 1 122, (4,6)->(29,6) OG:(519,667)->(66,667)
18 2 24, (4,6)->(4,36) OG:(519,667)->(519,94)
18 3 20, (4,6)->(4,18) OG:(519,667)->(519,75)
18 4 21, (4,6)->(4,1) OG:(519,667)->(519,1)
18 5 19, (4,6)->(4,31) OG:(519,667)->(519,297)
18 6 111, (4,6)->(24,19) OG:(519,667)->(334,112)
18 7 92, (4,6)->(20,6) OG:(519,667)->(149,667)
19 1 123, (4,31)->(30,31) OG:(519,297)->(69,297)
19 2 23, (4,31)->(4,14) OG:(519,297)->(519,23)
19 3 21, (4,31)->(4,1) OG:(519,297)->(519,1)
19 4 20, (4,31)->(4,18) OG:(519,297)->(519,75)
19 5 18, (4,31)->(4,6) OG:(519,297)->(519,667)
20 1 132, (4,18)->(33,18) OG:(519,75)->(257,75)
20 2 137, (4,18)->(34,18) OG:(519,75)->(223,75)
20 3 42, (4,18)->(7,22) OG:(519,75)->(482,260)
20 4 23, (4,18)->(4,14) OG:(519,75)->(519,23)
20 5 21, (4,18)->(4,1) OG:(519,75)->(519,1)
20 6 19, (4,18)->(4,31) OG:(519,75)->(519,297)
20 7 18, (4,18)->(4,6) OG:(519,75)->(519,667)
20 8 125, (4,18)->(31,18) OG:(519,75)->(297,75)
20 9 111, (4,18)->(24,19) OG:(519,75)->(334,112)
20 10 54, (4,18)->(9,18) OG:(519,75)->(889,75)
21 1 9, (4,1)->(2,1) OG:(519,1)->(470,1)
21 2 16, (4,1)->(3,1) OG:(519,1)->(445,1)
21 3 42, (4,1)->(7,22) OG:(519,1)->(482,260)
21 4 24, (4,1)->(4,36) OG:(519,1)->(519,94)
21 5 20, (4,1)->(4,18) OG:(519,1)->(519,75)
21 6 18, (4,1)->(4,6) OG:(519,1)->(519,667)
21 7 19, (4,1)->(4,31) OG:(519,1)->(519,297)
23 1 23, (4,14)->(4,14) OG:(519,23)->(519,23)
23 2 21, (4,14)->(4,1) OG:(519,23)->(519,1)
23 3 18, (4,14)->(4,6) OG:(519,23)->(519,667)
24 1 24, (4,36)->(4,36) OG:(519,94)->(519,94)
24 2 20, (4,36)->(4,18) OG:(519,94)->(519,75)
24 3 19, (4,36)->(4,31) OG:(519,94)->(519,297)
26 1 26, (5,1)->(5,1) OG:(516,1)->(516,1)
26 2 21, (5,1)->(4,1) OG:(516,1)->(519,1)
26 3 30, (5,1)->(6,1) OG:(516,1)->(667,1)
27 1 142, (6,4)->(36,4) OG:(667,519)->(94,519)
27 2 77, (6,4)->(18,4) OG:(667,519)->(75,519)
27 3 32, (6,4)->(6,29) OG:(667,519)->(667,66)
27 4 28, (6,4)->(6,20) OG:(667,519)->(667,149)
27 5 2, (6,4)->(1,4) OG:(667,519)->(1,519)
27 6 87, (6,4)->(19,24) OG:(667,519)->(112,334)
27 7 124, (6,4)->(31,4) OG:(667,519)->(297,519)
28 1 152, (6,20)->(46,20) OG:(667,149)->(282,149)
28 2 107, (6,20)->(22,17) OG:(667,149)->(260,38)
28 3 13, (6,20)->(3,20) OG:(667,149)->(445,149)
28 4 31, (6,20)->(6,12) OG:(667,149)->(667,8)
28 5 30, (6,20)->(6,1) OG:(667,149)->(667,1)
28 6 34, (6,20)->(6,34) OG:(667,149)->(667,223)
28 7 27, (6,20)->(6,4) OG:(667,149)->(667,519)
30 1 9, (6,1)->(2,1) OG:(667,1)->(470,1)
30 2 16, (6,1)->(3,1) OG:(667,1)->(445,1)
30 3 32, (6,1)->(6,29) OG:(667,1)->(667,66)
30 4 28, (6,1)->(6,20) OG:(667,1)->(667,149)
30 5 45, (6,1)->(8,17) OG:(667,1)->(704,38)
31 1 31, (6,12)->(6,12) OG:(667,8)->(667,8)
31 2 30, (6,12)->(6,1) OG:(667,8)->(667,1)
31 3 27, (6,12)->(6,4) OG:(667,8)->(667,519)
32 1 32, (6,29)->(6,29) OG:(667,66)->(667,66)
32 2 28, (6,29)->(6,20) OG:(667,66)->(667,149)
34 1 28, (6,34)->(6,20) OG:(667,223)->(667,149)
34 2 45, (6,34)->(8,17) OG:(667,223)->(704,38)
34 3 87, (6,34)->(19,24) OG:(667,223)->(112,334)
34 4 96, (6,34)->(20,34) OG:(667,223)->(149,223)
35 1 120, (7,8)->(27,8) OG:(482,704)->(57,704)
35 2 67, (7,8)->(17,8) OG:(482,704)->(38,704)
35 3 135, (7,8)->(34,20) OG:(482,704)->(223,149)
35 4 39, (7,8)->(7,39) OG:(482,704)->(482,103)
35 5 36, (7,8)->(7,24) OG:(482,704)->(482,334)
35 6 126, (7,8)->(31,20) OG:(482,704)->(297,149)
35 7 84, (7,8)->(19,8) OG:(482,704)->(112,704)
36 1 121, (7,24)->(28,24) OG:(482,334)->(60,334)
36 2 72, (7,24)->(17,24) OG:(482,334)->(38,334)
36 3 13, (7,24)->(3,20) OG:(482,334)->(445,149)
36 4 38, (7,24)->(7,16) OG:(482,334)->(482,32)
36 5 35, (7,24)->(7,8) OG:(482,334)->(482,704)
38 1 38, (7,16)->(7,16) OG:(482,32)->(482,32)
38 2 35, (7,16)->(7,8) OG:(482,32)->(482,704)
39 1 39, (7,39)->(7,39) OG:(482,103)->(482,103)
39 2 36, (7,39)->(7,24) OG:(482,103)->(482,334)
42 1 21, (7,22)->(4,1) OG:(482,260)->(519,1)
42 2 20, (7,22)->(4,18) OG:(482,260)->(519,75)
42 3 55, (7,22)->(9,1) OG:(482,260)->(889,1)
42 4 54, (7,22)->(9,18) OG:(482,260)->(889,75)
43 1 145, (8,7)->(39,7) OG:(704,482)->(103,482)
43 2 51, (8,7)->(8,27) OG:(704,482)->(704,57)
43 3 45, (8,7)->(8,17) OG:(704,482)->(704,38)
43 4 44, (8,7)->(8,19) OG:(704,482)->(704,112)
43 5 96, (8,7)->(20,34) OG:(704,482)->(149,223)
43 6 94, (8,7)->(20,31) OG:(704,482)->(149,297)
43 7 110, (8,7)->(24,7) OG:(704,482)->(334,482)
44 1 147, (8,19)->(41,19) OG:(704,112)->(291,112)
44 2 104, (8,19)->(22,19) OG:(704,112)->(260,112)
44 3 16, (8,19)->(3,1) OG:(704,112)->(445,1)
44 4 12, (8,19)->(3,31) OG:(704,112)->(445,297)
44 5 49, (8,19)->(8,11) OG:(704,112)->(704,5)
44 6 45, (8,19)->(8,17) OG:(704,112)->(704,38)
44 7 43, (8,19)->(8,7) OG:(704,112)->(704,482)
45 1 109, (8,17)->(23,17) OG:(704,38)->(294,38)
45 2 107, (8,17)->(22,17) OG:(704,38)->(260,38)
45 3 30, (8,17)->(6,1) OG:(704,38)->(667,1)
45 4 34, (8,17)->(6,34) OG:(704,38)->(667,223)
45 5 50, (8,17)->(8,13) OG:(704,38)->(704,20)
45 6 44, (8,17)->(8,19) OG:(704,38)->(704,112)
45 7 43, (8,17)->(8,7) OG:(704,38)->(704,482)
45 8 55, (8,17)->(9,1) OG:(704,38)->(889,1)
45 9 53, (8,17)->(9,34) OG:(704,38)->(889,223)
45 10 114, (8,17)->(24,17) OG:(704,38)->(334,38)
49 1 49, (8,11)->(8,11) OG:(704,5)->(704,5)
49 2 45, (8,11)->(8,17) OG:(704,5)->(704,38)
49 3 43, (8,11)->(8,7) OG:(704,5)->(704,482)
50 1 50, (8,13)->(8,13) OG:(704,20)->(704,20)
50 2 44, (8,13)->(8,19) OG:(704,20)->(704,112)
50 3 43, (8,13)->(8,7) OG:(704,20)->(704,482)
51 1 51, (8,27)->(8,27) OG:(704,57)->(704,57)
51 2 45, (8,27)->(8,17) OG:(704,57)->(704,38)
51 3 44, (8,27)->(8,19) OG:(704,57)->(704,112)
52 1 148, (9,3)->(42,3) OG:(889,445)->(140,445)
52 2 58, (9,3)->(9,26) OG:(889,445)->(889,48)
52 3 53, (9,3)->(9,34) OG:(889,445)->(889,223)
52 4 55, (9,3)->(9,1) OG:(889,445)->(889,1)
52 5 54, (9,3)->(9,18) OG:(889,445)->(889,75)
52 6 114, (9,3)->(24,17) OG:(889,445)->(334,38)
52 7 93, (9,3)->(20,3) OG:(889,445)->(149,445)
53 1 150, (9,34)->(44,34) OG:(889,223)->(146,223)
53 2 57, (9,34)->(9,10) OG:(889,223)->(889,2)
53 3 52, (9,34)->(9,3) OG:(889,223)->(889,445)
53 4 45, (9,34)->(8,17) OG:(889,223)->(704,38)
53 5 96, (9,34)->(20,34) OG:(889,223)->(149,223)
54 1 141, (9,18)->(35,18) OG:(889,75)->(328,75)
54 2 125, (9,18)->(31,18) OG:(889,75)->(297,75)
54 3 42, (9,18)->(7,22) OG:(889,75)->(482,260)
54 4 57, (9,18)->(9,10) OG:(889,75)->(889,2)
54 5 52, (9,18)->(9,3) OG:(889,75)->(889,445)
54 6 137, (9,18)->(34,18) OG:(889,75)->(223,75)
54 7 20, (9,18)->(4,18) OG:(889,75)->(519,75)
55 1 42, (9,1)->(7,22) OG:(889,1)->(482,260)
55 2 52, (9,1)->(9,3) OG:(889,1)->(889,445)
55 3 16, (9,1)->(3,1) OG:(889,1)->(445,1)
55 4 45, (9,1)->(8,17) OG:(889,1)->(704,38)
57 1 57, (9,10)->(9,10) OG:(889,2)->(889,2)
57 2 52, (9,10)->(9,3) OG:(889,2)->(889,445)
58 1 58, (9,26)->(9,26) OG:(889,48)->(889,48)
58 2 54, (9,26)->(9,18) OG:(889,48)->(889,75)
58 3 53, (9,26)->(9,34) OG:(889,48)->(889,223)
60 1 60, (10,9)->(10,9) OG:(2,889)->(2,889)
60 2 10, (10,9)->(3,9) OG:(2,889)->(445,889)
61 1 61, (11,8)->(11,8) OG:(5,704)->(5,704)
61 2 67, (11,8)->(17,8) OG:(5,704)->(38,704)
61 3 35, (11,8)->(7,8) OG:(5,704)->(482,704)
62 1 62, (12,6)->(12,6) OG:(8,667)->(8,667)
62 2 6, (12,6)->(1,6) OG:(8,667)->(1,667)
62 3 18, (12,6)->(4,6) OG:(8,667)->(519,667)
63 1 63, (13,8)->(13,8) OG:(20,704)->(20,704)
63 2 84, (13,8)->(19,8) OG:(20,704)->(112,704)
63 3 35, (13,8)->(7,8) OG:(20,704)->(482,704)
64 1 64, (14,4)->(14,4) OG:(23,519)->(23,519)
64 2 2, (14,4)->(1,4) OG:(23,519)->(1,519)
64 3 27, (14,4)->(6,4) OG:(23,519)->(667,519)
65 1 65, (15,3)->(15,3) OG:(26,445)->(26,445)
65 2 4, (15,3)->(1,3) OG:(26,445)->(1,445)
65 3 52, (15,3)->(9,3) OG:(26,445)->(889,445)
66 1 66, (16,7)->(16,7) OG:(32,482)->(32,482)
66 2 43, (16,7)->(8,7) OG:(32,482)->(704,482)
67 1 6, (17,8)->(1,6) OG:(38,704)->(1,667)
67 2 8, (17,8)->(1,9) OG:(38,704)->(1,889)
67 3 63, (17,8)->(13,8) OG:(38,704)->(20,704)
67 4 71, (17,8)->(17,23) OG:(38,704)->(38,294)
67 5 74, (17,8)->(17,22) OG:(38,704)->(38,260)
67 6 72, (17,8)->(17,24) OG:(38,704)->(38,334)
67 7 84, (17,8)->(19,8) OG:(38,704)->(112,704)
67 8 140, (17,8)->(34,6) OG:(38,704)->(223,667)
67 9 133, (17,8)->(34,9) OG:(38,704)->(223,889)
67 10 35, (17,8)->(7,8) OG:(38,704)->(482,704)
70 1 70, (17,21)->(17,21) OG:(38,285)->(38,285)
70 2 74, (17,21)->(17,22) OG:(38,285)->(38,260)
70 3 67, (17,21)->(17,8) OG:(38,285)->(38,704)
71 1 71, (17,23)->(17,23) OG:(38,294)->(38,294)
71 2 74, (17,23)->(17,22) OG:(38,294)->(38,260)
71 3 72, (17,23)->(17,24) OG:(38,294)->(38,334)
72 1 70, (17,24)->(17,21) OG:(38,334)->(38,285)
72 2 74, (17,24)->(17,22) OG:(38,334)->(38,260)
72 3 67, (17,24)->(17,8) OG:(38,334)->(38,704)
72 4 143, (17,24)->(37,24) OG:(38,334)->(97,334)
72 5 12, (17,24)->(3,31) OG:(38,334)->(445,297)
72 6 10, (17,24)->(3,9) OG:(38,334)->(445,889)
72 7 36, (17,24)->(7,24) OG:(38,334)->(482,334)
73 1 73, (17,25)->(17,25) OG:(38,331)->(38,331)
73 2 72, (17,25)->(17,24) OG:(38,331)->(38,334)
73 3 67, (17,25)->(17,8) OG:(38,331)->(38,704)
74 1 73, (17,22)->(17,25) OG:(38,260)->(38,331)
74 2 72, (17,22)->(17,24) OG:(38,260)->(38,334)
74 3 67, (17,22)->(17,8) OG:(38,260)->(38,704)
74 4 149, (17,22)->(43,22) OG:(38,260)->(143,260)
74 5 86, (17,22)->(19,22) OG:(38,260)->(112,260)
74 6 94, (17,22)->(20,31) OG:(38,260)->(149,297)
74 7 92, (17,22)->(20,6) OG:(38,260)->(149,667)
76 1 60, (18,9)->(10,9) OG:(75,889)->(2,889)
76 2 80, (18,9)->(18,35) OG:(75,889)->(75,328)
76 3 78, (18,9)->(18,31) OG:(75,889)->(75,297)
76 4 81, (18,9)->(18,34) OG:(75,889)->(75,223)
76 5 77, (18,9)->(18,4) OG:(75,889)->(75,519)
76 6 102, (18,9)->(22,7) OG:(75,889)->(260,482)
76 7 10, (18,9)->(3,9) OG:(75,889)->(445,889)
77 1 64, (18,4)->(14,4) OG:(75,519)->(23,519)
77 2 2, (18,4)->(1,4) OG:(75,519)->(1,519)
77 3 79, (18,4)->(18,33) OG:(75,519)->(75,257)
77 4 81, (18,4)->(18,34) OG:(75,519)->(75,223)
77 5 78, (18,4)->(18,31) OG:(75,519)->(75,297)
77 6 76, (18,4)->(18,9) OG:(75,519)->(75,889)
77 7 87, (18,4)->(19,24) OG:(75,519)->(112,334)
77 8 102, (18,4)->(22,7) OG:(75,519)->(260,482)
77 9 124, (18,4)->(31,4) OG:(75,519)->(297,519)
77 10 27, (18,4)->(6,4) OG:(75,519)->(667,519)
78 1 123, (18,31)->(30,31) OG:(75,297)->(69,297)
78 2 79, (18,31)->(18,33) OG:(75,297)->(75,257)
78 3 81, (18,31)->(18,34) OG:(75,297)->(75,223)
78 4 77, (18,31)->(18,4) OG:(75,297)->(75,519)
78 5 76, (18,31)->(18,9) OG:(75,297)->(75,889)
79 1 79, (18,33)->(18,33) OG:(75,257)->(75,257)
79 2 81, (18,33)->(18,34) OG:(75,257)->(75,223)
79 3 76, (18,33)->(18,9) OG:(75,257)->(75,889)
80 1 80, (18,35)->(18,35) OG:(75,328)->(75,328)
80 2 78, (18,35)->(18,31) OG:(75,328)->(75,297)
80 3 77, (18,35)->(18,4) OG:(75,328)->(75,519)
81 1 80, (18,34)->(18,35) OG:(75,223)->(75,328)
81 2 78, (18,34)->(18,31) OG:(75,223)->(75,297)
81 3 76, (18,34)->(18,9) OG:(75,223)->(75,889)
81 4 77, (18,34)->(18,4) OG:(75,223)->(75,519)
81 5 87, (18,34)->(19,24) OG:(75,223)->(112,334)
81 6 150, (18,34)->(44,34) OG:(75,223)->(146,223)
81 7 96, (18,34)->(20,34) OG:(75,223)->(149,223)
84 1 61, (19,8)->(11,8) OG:(112,704)->(5,704)
84 2 4, (19,8)->(1,3) OG:(112,704)->(1,445)
84 3 67, (19,8)->(17,8) OG:(112,704)->(38,704)
84 4 91, (19,8)->(19,41) OG:(112,704)->(112,291)
84 5 86, (19,8)->(19,22) OG:(112,704)->(112,260)
84 6 129, (19,8)->(31,3) OG:(112,704)->(297,445)
84 7 35, (19,8)->(7,8) OG:(112,704)->(482,704)
86 1 131, (19,22)->(32,22) OG:(112,260)->(72,260)
86 2 74, (19,22)->(17,22) OG:(112,260)->(38,260)
86 3 90, (19,22)->(19,40) OG:(112,260)->(112,254)
86 4 84, (19,22)->(19,8) OG:(112,260)->(112,704)
86 5 93, (19,22)->(20,3) OG:(112,260)->(149,445)
87 1 81, (19,24)->(18,34) OG:(112,334)->(75,223)
87 2 77, (19,24)->(18,4) OG:(112,334)->(75,519)
87 3 34, (19,24)->(6,34) OG:(112,334)->(667,223)
87 4 27, (19,24)->(6,4) OG:(112,334)->(667,519)
90 1 90, (19,40)->(19,40) OG:(112,254)->(112,254)
90 2 84, (19,40)->(19,8) OG:(112,254)->(112,704)
91 1 91, (19,41)->(19,41) OG:(112,291)->(112,291)
91 2 86, (19,41)->(19,22) OG:(112,291)->(112,260)
92 1 62, (20,6)->(12,6) OG:(149,667)->(8,667)
92 2 6, (20,6)->(1,6) OG:(149,667)->(1,667)
92 3 74, (20,6)->(17,22) OG:(149,667)->(38,260)
92 4 98, (20,6)->(20,46) OG:(149,667)->(149,282)
92 5 93, (20,6)->(20,3) OG:(149,667)->(149,445)
92 6 140, (20,6)->(34,6) OG:(149,667)->(223,667)
92 7 18, (20,6)->(4,6) OG:(149,667)->(519,667)
93 1 65, (20,3)->(15,3) OG:(149,445)->(26,445)
93 2 4, (20,3)->(1,3) OG:(149,445)->(1,445)
93 3 86, (20,3)->(19,22) OG:(149,445)->(112,260)
93 4 97, (20,3)->(20,45) OG:(149,445)->(149,236)
93 5 96, (20,3)->(20,34) OG:(149,445)->(149,223)
93 6 94, (20,3)->(20,31) OG:(149,445)->(149,297)
93 7 92, (20,3)->(20,6) OG:(149,445)->(149,667)
93 8 129, (20,3)->(31,3) OG:(149,445)->(297,445)
93 9 110, (20,3)->(24,7) OG:(149,445)->(334,482)
93 10 52, (20,3)->(9,3) OG:(149,445)->(889,445)
94 1 74, (20,31)->(17,22) OG:(149,297)->(38,260)
94 2 93, (20,31)->(20,3) OG:(149,297)->(149,445)
94 3 12, (20,31)->(3,31) OG:(149,297)->(445,297)
94 4 43, (20,31)->(8,7) OG:(149,297)->(704,482)
96 1 144, (20,34)->(38,34) OG:(149,223)->(100,223)
96 2 81, (20,34)->(18,34) OG:(149,223)->(75,223)
96 3 98, (20,34)->(20,46) OG:(149,223)->(149,282)
96 4 93, (20,34)->(20,3) OG:(149,223)->(149,445)
96 5 34, (20,34)->(6,34) OG:(149,223)->(667,223)
96 6 43, (20,34)->(8,7) OG:(149,223)->(704,482)
96 7 53, (20,34)->(9,34) OG:(149,223)->(889,223)
97 1 97, (20,45)->(20,45) OG:(149,236)->(149,236)
97 2 96, (20,45)->(20,34) OG:(149,236)->(149,223)
97 3 92, (20,45)->(20,6) OG:(149,236)->(149,667)
98 1 98, (20,46)->(20,46) OG:(149,282)->(149,282)
98 2 93, (20,46)->(20,3) OG:(149,282)->(149,445)
100 1 100, (21,17)->(21,17) OG:(285,38)->(285,38)
100 2 107, (21,17)->(22,17) OG:(285,38)->(260,38)
100 3 45, (21,17)->(8,17) OG:(285,38)->(704,38)
102 1 2, (22,7)->(1,4) OG:(260,482)->(1,519)
102 2 8, (22,7)->(1,9) OG:(260,482)->(1,889)
102 3 77, (22,7)->(18,4) OG:(260,482)->(75,519)
102 4 76, (22,7)->(18,9) OG:(260,482)->(75,889)
104 1 146, (22,19)->(40,19) OG:(260,112)->(254,112)
104 2 105, (22,19)->(22,32) OG:(260,112)->(260,72)
104 3 107, (22,19)->(22,17) OG:(260,112)->(260,38)
104 4 13, (22,19)->(3,20) OG:(260,112)->(445,149)
104 5 44, (22,19)->(8,19) OG:(260,112)->(704,112)
105 1 105, (22,32)->(22,32) OG:(260,72)->(260,72)
105 2 107, (22,32)->(22,17) OG:(260,72)->(260,38)
106 1 106, (22,43)->(22,43) OG:(260,143)->(260,143)
106 2 104, (22,43)->(22,19) OG:(260,143)->(260,112)
107 1 106, (22,17)->(22,43) OG:(260,38)->(260,143)
107 2 104, (22,17)->(22,19) OG:(260,38)->(260,112)
107 3 126, (22,17)->(31,20) OG:(260,38)->(297,149)
107 4 118, (22,17)->(25,17) OG:(260,38)->(331,38)
107 5 114, (22,17)->(24,17) OG:(260,38)->(334,38)
107 6 28, (22,17)->(6,20) OG:(260,38)->(667,149)
107 7 45, (22,17)->(8,17) OG:(260,38)->(704,38)
109 1 109, (23,17)->(23,17) OG:(294,38)->(294,38)
109 2 107, (23,17)->(22,17) OG:(294,38)->(260,38)
109 3 114, (23,17)->(24,17) OG:(294,38)->(334,38)
110 1 66, (24,7)->(16,7) OG:(334,482)->(32,482)
110 2 116, (24,7)->(24,28) OG:(334,482)->(334,60)
110 3 114, (24,7)->(24,17) OG:(334,482)->(334,38)
110 4 93, (24,7)->(20,3) OG:(334,482)->(149,445)
110 5 43, (24,7)->(8,7) OG:(334,482)->(704,482)
111 1 137, (24,19)->(34,18) OG:(334,112)->(223,75)
111 2 140, (24,19)->(34,6) OG:(334,112)->(223,667)
111 3 20, (24,19)->(4,18) OG:(334,112)->(519,75)
111 4 18, (24,19)->(4,6) OG:(334,112)->(519,667)
114 1 100, (24,17)->(21,17) OG:(334,38)->(285,38)
114 2 107, (24,17)->(22,17) OG:(334,38)->(260,38)
114 3 129, (24,17)->(31,3) OG:(334,38)->(297,445)
114 4 117, (24,17)->(24,37) OG:(334,38)->(334,97)
114 5 110, (24,17)->(24,7) OG:(334,38)->(334,482)
114 6 52, (24,17)->(9,3) OG:(334,38)->(889,445)
114 7 45, (24,17)->(8,17) OG:(334,38)->(704,38)
116 1 116, (24,28)->(24,28) OG:(334,60)->(334,60)
116 2 114, (24,28)->(24,17) OG:(334,60)->(334,38)
117 1 117, (24,37)->(24,37) OG:(334,97)->(334,97)
117 2 110, (24,37)->(24,7) OG:(334,97)->(334,482)
118 1 118, (25,17)->(25,17) OG:(331,38)->(331,38)
118 2 114, (25,17)->(24,17) OG:(331,38)->(334,38)
118 3 45, (25,17)->(8,17) OG:(331,38)->(704,38)
119 1 119, (26,9)->(26,9) OG:(48,889)->(48,889)
119 2 76, (26,9)->(18,9) OG:(48,889)->(75,889)
119 3 133, (26,9)->(34,9) OG:(48,889)->(223,889)
120 1 120, (27,8)->(27,8) OG:(57,704)->(57,704)
120 2 67, (27,8)->(17,8) OG:(57,704)->(38,704)
120 3 84, (27,8)->(19,8) OG:(57,704)->(112,704)
121 1 121, (28,24)->(28,24) OG:(60,334)->(60,334)
121 2 72, (28,24)->(17,24) OG:(60,334)->(38,334)
122 1 122, (29,6)->(29,6) OG:(66,667)->(66,667)
122 2 92, (29,6)->(20,6) OG:(66,667)->(149,667)
123 1 123, (30,31)->(30,31) OG:(69,297)->(69,297)
124 1 64, (31,4)->(14,4) OG:(297,519)->(23,519)
124 2 2, (31,4)->(1,4) OG:(297,519)->(1,519)
124 3 128, (31,4)->(31,30) OG:(297,519)->(297,69)
124 4 77, (31,4)->(18,4) OG:(297,519)->(75,519)
124 5 27, (31,4)->(6,4) OG:(297,519)->(667,519)
125 1 132, (31,18)->(33,18) OG:(297,75)->(257,75)
125 2 137, (31,18)->(34,18) OG:(297,75)->(223,75)
125 3 128, (31,18)->(31,30) OG:(297,75)->(297,69)
125 4 20, (31,18)->(4,18) OG:(297,75)->(519,75)
125 5 54, (31,18)->(9,18) OG:(297,75)->(889,75)
126 1 107, (31,20)->(22,17) OG:(297,149)->(260,38)
126 2 129, (31,20)->(31,3) OG:(297,149)->(297,445)
126 3 13, (31,20)->(3,20) OG:(297,149)->(445,149)
126 4 35, (31,20)->(7,8) OG:(297,149)->(482,704)
128 1 128, (31,30)->(31,30) OG:(297,69)->(297,69)
129 1 126, (31,3)->(31,20) OG:(297,445)->(297,149)
129 2 114, (31,3)->(24,17) OG:(297,445)->(334,38)
129 3 84, (31,3)->(19,8) OG:(297,445)->(112,704)
129 4 93, (31,3)->(20,3) OG:(297,445)->(149,445)
131 1 131, (32,22)->(32,22) OG:(72,260)->(72,260)
131 2 74, (32,22)->(17,22) OG:(72,260)->(38,260)
132 1 132, (33,18)->(33,18) OG:(257,75)->(257,75)
132 2 137, (33,18)->(34,18) OG:(257,75)->(223,75)
132 3 54, (33,18)->(9,18) OG:(257,75)->(889,75)
133 1 60, (34,9)->(10,9) OG:(223,889)->(2,889)
133 2 136, (34,9)->(34,44) OG:(223,889)->(223,146)
133 3 135, (34,9)->(34,20) OG:(223,889)->(223,149)
133 4 67, (34,9)->(17,8) OG:(223,889)->(38,704)
133 5 10, (34,9)->(3,9) OG:(223,889)->(445,889)
134 1 134, (34,38)->(34,38) OG:(223,100)->(223,100)
134 2 137, (34,38)->(34,18) OG:(223,100)->(223,75)
134 3 133, (34,38)->(34,9) OG:(223,100)->(223,889)
135 1 134, (34,20)->(34,38) OG:(223,149)->(223,100)
135 2 137, (34,20)->(34,18) OG:(223,149)->(223,75)
135 3 140, (34,20)->(34,6) OG:(223,149)->(223,667)
135 4 133, (34,20)->(34,9) OG:(223,149)->(223,889)
135 5 152, (34,20)->(46,20) OG:(223,149)->(282,149)
135 6 35, (34,20)->(7,8) OG:(223,149)->(482,704)
135 7 13, (34,20)->(3,20) OG:(223,149)->(445,149)
136 1 136, (34,44)->(34,44) OG:(223,146)->(223,146)
136 2 135, (34,44)->(34,20) OG:(223,146)->(223,149)
137 1 136, (34,18)->(34,44) OG:(223,75)->(223,146)
137 2 135, (34,18)->(34,20) OG:(223,75)->(223,149)
137 3 141, (34,18)->(35,18) OG:(223,75)->(328,75)
137 4 125, (34,18)->(31,18) OG:(223,75)->(297,75)
137 5 111, (34,18)->(24,19) OG:(223,75)->(334,112)
137 6 54, (34,18)->(9,18) OG:(223,75)->(889,75)
137 7 20, (34,18)->(4,18) OG:(223,75)->(519,75)
140 1 135, (34,6)->(34,20) OG:(223,667)->(223,149)
140 2 111, (34,6)->(24,19) OG:(223,667)->(334,112)
140 3 67, (34,6)->(17,8) OG:(223,667)->(38,704)
140 4 92, (34,6)->(20,6) OG:(223,667)->(149,667)
141 1 141, (35,18)->(35,18) OG:(328,75)->(328,75)
141 2 125, (35,18)->(31,18) OG:(328,75)->(297,75)
141 3 20, (35,18)->(4,18) OG:(328,75)->(519,75)
142 1 142, (36,4)->(36,4) OG:(94,519)->(94,519)
142 2 77, (36,4)->(18,4) OG:(94,519)->(75,519)
142 3 124, (36,4)->(31,4) OG:(94,519)->(297,519)
143 1 143, (37,24)->(37,24) OG:(97,334)->(97,334)
143 2 36, (37,24)->(7,24) OG:(97,334)->(482,334)
144 1 144, (38,34)->(38,34) OG:(100,223)->(100,223)
144 2 81, (38,34)->(18,34) OG:(100,223)->(75,223)
144 3 53, (38,34)->(9,34) OG:(100,223)->(889,223)
145 1 145, (39,7)->(39,7) OG:(103,482)->(103,482)
145 2 110, (39,7)->(24,7) OG:(103,482)->(334,482)
146 1 146, (40,19)->(40,19) OG:(254,112)->(254,112)
146 2 44, (40,19)->(8,19) OG:(254,112)->(704,112)
147 1 147, (41,19)->(41,19) OG:(291,112)->(291,112)
147 2 104, (41,19)->(22,19) OG:(291,112)->(260,112)
148 1 148, (42,3)->(42,3) OG:(140,445)->(140,445)
148 2 93, (42,3)->(20,3) OG:(140,445)->(149,445)
149 1 149, (43,22)->(43,22) OG:(143,260)->(143,260)
149 2 86, (43,22)->(19,22) OG:(143,260)->(112,260)
150 1 150, (44,34)->(44,34) OG:(146,223)->(146,223)
150 2 96, (44,34)->(20,34) OG:(146,223)->(149,223)
151 1 151, (45,20)->(45,20) OG:(236,149)->(236,149)
151 2 135, (45,20)->(34,20) OG:(236,149)->(223,149)
151 3 28, (45,20)->(6,20) OG:(236,149)->(667,149)
152 1 152, (46,20)->(46,20) OG:(282,149)->(282,149)
152 2 13, (46,20)->(3,20) OG:(282,149)->(445,149)
